>> a=[0.1355 0.4286 0.1235 0.2806 0.0318]

a =

    0.1355    0.4286    0.1235    0.2806    0.0318

>> r=[0 1/6 1/3 1/2 0 
1/6 1/12 7/12 0 1/6
1/4 1/6 1/4 1/6 1/6
1/6 1/6 5/12 1/12 1/6
1/4 1/12 0 1/2 1/6]

r =

         0    0.1667    0.3333    0.5000         0
    0.1667    0.0833    0.5833         0    0.1667
    0.2500    0.1667    0.2500    0.1667    0.1667
    0.1667    0.1667    0.4167    0.0833    0.1667
    0.2500    0.0833         0    0.5000    0.1667

>> b=a*r

b =

    0.1570    0.1283    0.4430    0.1276    0.1441

>> 