>> a=[1 1/3 1 1/3 7 
3 1 3 3 7
1 1/3 1 1/3 5
3 1/3 3 1 9
1/7 1/7 1/5 1/9 1];
>> [v,d]=eig(a);
>> d(1,1)

ans =

    5.2966

>> v(:,1)

ans =

    0.2486
    0.7863
    0.2266
    0.5149
    0.0583 