x01=[1644 1543 1674 1800 1660 1666 1666 1658 1662 1660 1655 1651 1679 1618 1643 1662 1661 1646 1645 1642 1648 1662 1689 1660 1652 1707 1668 1677 1689 1651 1677 1656 1672 1678 1640 1651 1656 1661 1667 1693 1656 1647 1677 1618 1805 1647 1659 1672 1687 1664 1669 1669 1675 1663 1657 1651 1624 1669 1673 1682 1672 1679 1682 1720 1638 1678 1664 1687 1671 1667 1679 1654 1687 1705 1653 1694 1639 1652 1645 1641 1682 1658 1688 1666 1648 1803 1802 1645 1651 1678 1679 1673 1675 1691 1672 1715 1629 1645 1674 1684 1686 1667 1651 1666 1609 1656 1655 1666 1665 1691 1725 1703 1687 1665 1639 1689 1653 1664 1678 1666 1682 1674 1804 1673 1682 1672 1683 1657 1679 1677 1710 1672 1684 1679 1686 1680 1680 1673 1639 1656 1802 1672 1645 1663 1674 1692 1662 1668 1664 1664 1658 1799 1660 1641 1686 1640 1651 1641 1656 1638 1693 1679 1653 1684 1682 1691 1666 1664 1688 1672 1693 1662 1696 1660];
x02=[0.00065 0.00077 0.00048 0.00036 0.00022 0.00063 0.00106 0.00043 0.0005 0.00042 0.00046 0.00041 0.0004 0.00054 0.00067 0.00067 0.00067 0.00067 0.00068 0.00034 0.00097 0.00067 0.00138 0.00065 0.00071 0.00085 0.00066 0.00034 0.0007 0.0003 0.00073 0.00054 0.00049 0.00033 0.00101 0.00072 0.00076 0.00069 0.00073 0.00072 0.00108 0.0008 0.00077 0.00093 0.00077 0.00042 0.0008 0.00059 0.00119 0.00104 0.00069 0.00071 0.0006 0.001 0.00069 0.00078 0.00053 0.0014 0.00063 0.00097 0.00071 0.00061 0.00082 0.00035 0.00101 0.00076 0.00075 0.00078 0.00094 0.00077 0.00076 0.0007 0.00076 0.00076 0.00078 0.00038 0.00063 0.00063 0.0006 0.00051 0.00065 0.0007 0.00075 0.0006 0.00053 0.0004 0.00034 0.0004 0.00063 0.00086 0.00091 0.00083 0.00065 0.00074 0.00033 0.00022 0.00051 0.00047 0.00056 0.00041 0.001 0.00045 0.0005 0.00085 0.00062 0.00071 0.00065 0.00078 0.00097 0.00058 0.00047 0.00082 0.00066 0.00071 0.00074 0.00073 0.00068 0.00072 0.00068 0.0007 0.00067 0.00076 0.00066 0.00059 0.00042 0.00072 0.00071 0.00048 0.00041 0.0007 0.00077 0.00051 0.00065 0.00084 0.00085 0.00065 0.0007 0.00061 0.00037 0.00071 0.00066 0.00067 0.00069 0.0007 0.00079 0.00047 0.00068 0.00066 0.00077 0.00067 0.00088 0.00067 0.0005 0.00069 0.0005 0.00064 0.0006 0.00069 0.00056 0.00045 0.00072 0.00053 0.0007 0.00072 0.00066 0.00094 0.00066 0.00069 0.00074 0.00078 0.00079 0.00068 0.00035 0.00063];
x03=[0.0011 0.0011 0.0012 0.0009 0.0007 0.0014 0.0009 0.0011 0.0016 0.0013 0.001 0.0011 0.0013 0.0012 0.0011 0.0012 0.0014 0.0011 0.0014 0.001 0.0015 0.0011 0.0011 0.0008 0.0009 0.0013 0.0009 0.0007 0.0011 0.0005 0.0013 0.0014 0.0014 0.0009 0.001 0.0006 0.0007 0.0007 0.001 0.001 0.0013 0.0006 0.0008 0.0006 0.0011 0.0009 0.0012 0.0011 0.0014 0.0014 0.0014 0.0013 0.0011 0.0016 0.0008 0.0014 0.0009 0.001 0.0011 0.0007 0.0012 0.0011 0.0006 0.0009 0.0006 0.0009 0.0011 0.0013 0.0012 0.0012 0.0013 0.0007 0.0011 0.0013 0.001 0.0011 0.001 0.0011 0.0008 0.0007 0.0011 0.001 0.0012 0.0009 0.0009 0.0008 0.0008 0.0011 0.0013 0.0016 0.0012 0.0012 0.0009 0.0012 0.0009 0.0007 0.001 0.001 0.0012 0.001 0.0012 0.001 0.001 0.0011 0.0009 0.0011 0.0011 0.0011 0.0016 0.0011 0.0011 0.0013 0.0012 0.0008 0.0011 0.0005 0.001 0.0011 0.0009 0.001 0.0011 0.0012 0.001 0.001 0.0013 0.0012 0.001 0.0011 0.0012 0.0013 0.0012 0.0011 0.0013 0.0014 0.001 0.0011 0.0012 0.0012 0.001 0.0011 0.0009 0.0011 0.0009 0.0008 0.0008 0.0008 0.0008 0.0009 0.0008 0.0008 0.0009 0.0012 0.0014 0.0013 0.0011 0.0011 0.0011 0.0016 0.0012 0.0013 0.0011 0.001 0.0009 0.0007 0.0011 0.0013 0.0013 0.0009 0.0013 0.0013 0.0009 0.0009 0.0008 0.0009];
x04=[0.0003 0.00039 0.00036 0.00028 0.00038 0.00025 0.00022 0.00028 0.00023 0.00024 0.00032 0.00037 0.00021 0.00026 0.00031 0.00038 0.00035 0.00035 0.00026 0.00034 0.00018 0.00041 0.00016 0.00029 0.0003 0.00028 0.00036 0.00043 0.00039 0.00043 0.00028 0.00036 0.00037 0.00026 0.00035 0.00036 0.00044 0.00033 0.00025 0.00026 0.00023 0.00032 0.00025 0.00037 0.00027 0.00025 0.00024 0.00025 0.00026 0.00022 0.00024 0.00033 0.00027 0.00028 0.00032 0.00036 0.00031 0.00023 0.00024 0.00026 0.00021 0.00033 0.00031 0.00025 0.00044 0.00027 0.00029 0.00026 0.00023 0.00034 0.00024 0.0004 0.00021 0.00017 0.0002 0.00017 0.00022 0.00024 0.00027 0.00025 0.00022 0.00025 0.00024 0.00026 0.00023 0.00025 0.00027 0.00033 0.00026 0.00027 0.00021 0.0003 0.00024 0.00024 0.00024 0.00026 0.00028 0.00021 0.00021 0.00026 0.00032 0.00034 0.00029 0.00024 0.00029 0.00017 0.00028 0.0003 0.00027 0.00031 0.00025 0.00027 0.00025 0.0003 0.00023 0.00025 0.00026 0.00027 0.00029 0.00026 0.00022 0.00024 0.00027 0.00034 0.00032 0.0003 0.00029 0.00026 0.00022 0.00034 0.00029 0.00027 0.00027 0.0002 0.00025 0.00032 0.00028 0.00032 0.00029 0.00033 0.00027 0.00031 0.00039 0.00035 0.00038 0.00029 0.00029 0.00029 0.00028 0.00025 0.00028 0.00029 0.00029 0.00027 0.00027 0.00038 0.00032 0.00033 0.00026 0.00038 0.00032 0.0003 0.00038 0.00026 0.00024 0.00029 0.00027 0.00034 0.00029 0.00027 0.00031 0.0004 0.00032 0.00032];
x05=[0.00014 0.00021 0.0003 0.00025 0.00014 0.00031 0.00012 0.00021 0.0003 0.00027 0.00041 0.00028 0.00026 0.00033 0.00019 0.00021 0.00035 0.00028 0.00032 0.00022 0.00029 0.00027 0.00021 0.00015 0.00024 0.00022 0.00024 0.00028 0.00032 0.00016 0.00032 0.00033 0.00027 0.00016 0.00012 0.0001 0.00012 0.00016 0.00019 0.0002 0.00033 0.00013 0.00023 0.00016 0.00027 0.00019 0.00026 0.00025 0.00021 0.00021 0.00026 0.00027 0.00021 0.0002 0.00012 0.00034 0.00018 0.00026 0.00025 0.00017 0.00018 0.00029 0.00014 0.00026 0.00011 0.00015 0.00022 0.00033 0.00028 0.00032 0.00021 0.00012 0.00021 0.00032 0.00021 0.00023 0.00018 0.00036 0.00023 0.00014 0.0003 0.00035 0.00035 0.00018 0.00013 0.00016 0.00022 0.00037 0.00025 0.00029 0.0003 0.00026 0.00017 0.00024 0.0003 0.0003 0.00033 0.00022 0.00023 0.0003 0.00014 0.00028 0.00033 0.00023 0.00022 0.00016 0.00029 0.00031 0.00014 0.00023 0.00026 0.00031 0.00027 0.00018 0.0002 0.00016 0.00029 0.00027 0.00028 0.0002 0.00017 0.00019 0.00014 0.0002 0.00038 0.00023 0.00022 0.00033 0.00033 0.00026 0.00032 0.00033 0.00034 0.00031 0.00021 0.00031 0.00017 0.00028 0.00024 0.00019 0.00021 0.00026 0.00023 0.0002 0.00018 0.00019 0.00013 0.00015 0.00014 0.00016 0.00014 0.00027 0.00036 0.00028 0.00027 0.0002 0.00017 0.0003 0.00014 0.00048 0.00028 0.00022 0.00024 0.00022 0.00022 0.0002 0.00026 0.00026 0.00022 0.00028 0.00026 0.00027 0.00027 0.0003];
x06=[0.004 0.004 0.004 0.004 0.004 0.004 0.004 0.004 0.004 0.004 0.003 0.003 0.003 0.003 0.004 0.004 0.003 0.004 0.003 0.003 0.003 0.002 0.002 0.002 0.003 0.003 0.002 0.002 0.002 0.003 0.003 0.002 0.003 0.003 0.002 0.002 0.002 0.002 0.003 0.003 0.003 0.003 0.003 0.003 0.003 0.003 0.003 0.003 0.003 0.003 0.003 0.003 0.003 0.004 0.003 0.003 0.003 0.003 0.002 0.002 0.002 0.002 0.002 0.002 0.002 0.003 0.003 0.003 0.003 0.005 0.003 0.003 0.003 0.003 0.003 0.003 0.003 0.003 0.003 0.003 0.003 0.003 0 0.003 0.003 0.003 0.003 0.003 0.003 0.003 0.003 0.003 0.003 0.003 0.002 0.003 0.003 0.002 0.003 0.003 0.002 0.002 0.002 0.002 0.003 0.003 0.002 0.002 0.003 0 0.004 0.002 0.003 0.002 0.002 0.003 0.002 0.002 0.003 0.002 0.002 0.002 0.002 0.002 0.002 0.003 0 0.003 0.003 0.002 0.003 0.002 0.002 0.002 0.002 0.002 0.002 0.002 0.002 0.002 0.002 0 0.002 0.002 0.002 0.003 0 0.002 0.002 0.002 0.002 0.003 0.002 0.002 0.002 0.002 0.002 0.002 0.003 0.003 0.003 0.002 0.002 0.002 0.002 0.002 0.002 0.002 0.002 0.002 0.003 0.002 0.002 0.002];
