>>   a=[1 1/7 1/3 1/5 1
7 1 3 1 5
3 1/3 1 1/3 2
5 1 3 1 3
1 1/5 1/2 1/3 1
];
[v,d]=eig(a);
d(1,1)

ans =

    5.0740

>> v(:,1)

ans =

    0.1128
    0.7185
    0.2639
    0.6165
    0.1458