>> a=[0.0607 0.3868 0.1421 0.3319 0.0785]

a =

    0.0607    0.3868    0.1421    0.3319    0.0785

>> r=[1/12 9/12 1/12 0 1/12
1/12 6/12 1/12 3/12 1/12
4/12 4/12 3/12 0 1/12
0 2/12 0 5/12 5/12 
1/12 1/12 0 4/12 6/12]

r =

    0.0833    0.7500    0.0833         0    0.0833
    0.0833    0.5000    0.0833    0.2500    0.0833
    0.3333    0.3333    0.2500         0    0.0833
         0    0.1667         0    0.4167    0.4167
    0.0833    0.0833         0    0.3333    0.5000

>> b=a*r

b =

    0.0912    0.3481    0.0728    0.2612    0.2267