>> a=[235744 496 652 3060 3290
189417 524 699 2923 2937 
265035 466 644 3491 3509
187492 554 686 3893 3916
211215 522 682 4000 4020
159506 442 553 3979 4082
278518 586 780 4011 3995
202936 398 581 4439 4457
1388565 476 1131 5978 6130
143541 555 1245 6052 6169
335536 424 864 6581 6570
487858 484 619 7665 7105]

a =

      235744         496         652        3060        3290
      189417         524         699        2923        2937
      265035         466         644        3491        3509
      187492         554         686        3893        3916
      211215         522         682        4000        4020
      159506         442         553        3979        4082
      278518         586         780        4011        3995
      202936         398         581        4439        4457
     1388565         476        1131        5978        6130
      143541         555        1245        6052        6169
      335536         424         864        6581        6570
      487858         484         619        7665        7105

>> a=zscore(a);
r=corrcoef(a);
[x,y,z]=pcacov(r)

x =

    0.4162    0.0353    0.8245   -0.3817    0.0051
   -0.0985    0.8255   -0.2210   -0.5078    0.0472
    0.4177    0.5290    0.1030    0.7255   -0.0936
    0.5586   -0.1489   -0.3852   -0.2456   -0.6760
    0.5749   -0.1238   -0.3353   -0.0990    0.7293


y =

    2.7146
    1.2582
    0.7090
    0.3168
    0.0014


z =

   54.2918
   25.1650
   14.1802
    6.3361
    0.0270

>> f=repmat(sign(sum(x)),size(x,1),1);
x=x.*f

x =

    0.4162    0.0353   -0.8245    0.3817    0.0051
   -0.0985    0.8255    0.2210    0.5078    0.0472
    0.4177    0.5290   -0.1030   -0.7255   -0.0936
    0.5586   -0.1489    0.3852    0.2456   -0.6760
    0.5749   -0.1238    0.3353    0.0990    0.7293

>> num=3;
df=a*x(:,[1:num]);
tf=df*z(1:num)/100;
[stf,ind]=sort(tf,'descend');
stf=stf',ind=ind'

stf =

  1 жа 11 ап

    1.5374    1.5016    0.9872    0.7748    0.0099   -0.3186   -0.3746   -0.7488   -0.8257   -0.8276   -0.8488

  12 ап

   -0.8669


ind =

    10     9    12    11     7     4     5     8     3     2     6     1